#id	start	stop	mid	gene
1	409	1749	1079	dnaA
2	1928	3067	2497	dnaN
3	3195	3407	3301	yaaA
4	3420	4547	3983	recF
5	4586	6508	5547	gyrB
6	6597	9068	7832	gyrA
7	9309	10863	10086	16S
8	11232	14161	12696	23S
9	14208	14323	14265	rrf
10	15475	16938	16206	guaB
11	17052	18359	17705	dacA
12	18521	19408	18964	pdxS
13	19427	20017	19722	pdxT
14	20345	21619	20982	serS
15	25122	25386	25254	ffs
16	25519	27207	26363	dnaX
17	27574	28170	27872	recR
18	28622	28891	28756	bofA
19	29110	30664	29887	16S
20	31033	33961	32497	23S
21	34008	34123	34065	rrf
22	36651	37634	37142	holB
23	38482	38832	38657	yabA
24	39939	40814	40376	rsmI
25	41583	43592	42587	metG
26	44740	45297	45018	rnmV
27	45294	46172	45733	rsmA
28	46283	47146	46714	yabG
29	48113	48982	48547	ispE
30	49037	49885	49461	purR
31	51153	52532	51842	glmU
32	53624	54703	54163	dcm
33	54538	58068	56303	mfd
34	58205	58741	58473	spoVT
35	60586	62046	61316	mazG
36	62395	62703	62549	yabP
37	62700	63353	63026	yabQ
38	63350	63709	63529	divIC
39	64858	67329	66093	spoIIE
40	67086	69230	68158	topB
41	67563	68993	68278	tilS
42	68990	69532	69261	hpt
43	69618	71519	70568	ftsH
44	72539	73414	72976	hslO
45	73519	74442	73980	cysK
46	74663	76060	75361	pabB
47	76066	76653	76359	pabA
48	76647	77519	77083	pabC
49	77494	78354	77924	folP
50	78355	78717	78536	folB
51	78714	79229	78971	folK
52	79408	80406	79907	dusB
53	80566	82065	81315	lysS
54	82438	83992	83215	16S
55	84134	87062	85598	23S
56	87160	87275	87217	rrf
57	88151	89705	88928	16S
58	89847	92775	91311	23S
59	92821	92936	92878	rrf
60	93143	93604	93373	ctsR
61	97950	99326	98638	radA
62	99330	100403	99866	disA
63	101690	102370	102030	ispD
64	102485	102961	102723	ispF
65	103051	104508	103779	gltX
66	104941	105606	105273	cysE
67	105587	106984	106285	cysS
68	107391	108134	107762	rlmB
69	109506	109655	109580	rpmG
70	109688	109879	109783	secE
71	109998	110531	110264	nusG
72	110699	111124	110911	rplK
73	111301	111993	111647	rplA
74	112226	112726	112476	rplJ
75	112794	113153	112973	rplL
76	114123	117656	115889	rpoB
77	117694	121305	119499	rpoC
78	121782	122204	121993	rpsL
79	122234	122704	122469	rpsG
80	122912	124990	123951	fusA
81	125108	126295	125701	tuf
82	126694	127002	126848	rpsJ
83	127037	127669	127353	rplC
84	127695	128318	128006	rplD
85	128318	128608	128463	rplW
86	128637	129467	129052	rplB
87	129528	129806	129667	rpsS
88	129824	130165	129994	rplV
89	130169	130828	130498	rpsC
90	130830	131264	131047	rplP
91	131254	131454	131354	rpmC
92	131475	131738	131606	rpsQ
93	131782	132150	131966	rplN
94	132189	132500	132344	rplX
95	132527	133066	132796	rplE
96	133100	133285	133192	rpsN
97	133315	133713	133514	rpsH
98	133746	134285	134015	rplF
99	134317	134679	134498	rplR
100	134701	135201	134951	rpsE
101	135215	135397	135306	rpmD
102	135431	135871	135651	rplO
103	135871	137172	136521	secY
104	137879	138625	138252	map
105	138694	138912	138803	infA
106	138948	139061	139004	rpmJ
107	139083	139448	139265	rpsM
108	139473	139862	139667	rpsK
109	140043	140987	140515	rpoA
110	141023	141385	141204	rplQ
111	143985	144728	144356	truA
112	144881	145318	145099	rplM
113	145340	145732	145536	rpsI
114	146390	147103	146746	cwlD
115	148369	148986	148677	gerD
116	149126	149737	149431	kbaA
117	149842	150606	150224	pdaB
118	151219	152772	151995	16S
119	152914	155842	154378	23S
120	155925	156040	155982	rrf
121	158334	159227	158780	rocF
122	161764	163110	162437	glmM
123	163596	165398	164497	glmS
124	168943	169674	169308	gntR
125	169667	171202	170434	gntK
126	171319	172665	171992	gntP
127	172930	174339	173634	gndA
128	204992	205666	205329	modB
129	205672	206478	206075	modA
130	221985	223865	222925	abc-f
131	232823	233941	233382	hppD
132	239136	240512	239824	murF
133	242501	243463	242982	uvsE
134	244121	244480	244300	acpS
135	245706	246875	246290	alr
136	247477	247827	247652	ndoA
137	250121	250237	250179	cmpA
138	252202	253756	252979	16S
139	253898	256826	255362	23S
140	256873	256988	256930	rrf
141	257331	257804	257567	tsaE
142	257785	258477	258131	tsaB
143	258491	258934	258712	rimI
144	258934	259950	259442	tsaD
145	264479	264763	264621	groES
146	264802	266436	265619	groEL
147	266841	268382	267611	guaA
148	272721	274275	273498	16S
149	274417	277345	275881	23S
150	277391	277506	277448	rrf
151	279732	281286	280509	16S
152	281428	284356	282892	23S
153	284401	284516	284458	rrf
154	287078	288631	287854	16S
155	288773	291702	290237	23S
156	291747	291862	291804	rrf
157	292313	293110	292711	uppP
158	297047	298601	297824	16S
159	298743	301672	300207	23S
160	301718	301833	301775	rrf
161	304223	305776	304999	16S
162	305918	308847	307382	23S
163	308894	309009	308951	rrf
164	309736	310221	309978	purE
165	310218	311369	310793	purK
166	311366	312673	312019	purB
167	312762	313481	313121	purC
168	313474	313728	313601	purS
169	313725	314408	314066	purQ
170	314392	316611	315501	purL
171	316596	318011	317303	purF
172	318118	319158	318638	purM
173	319155	319742	319448	purN
174	319767	321302	320534	purH
175	321423	322694	322058	purD
176	325382	327631	326506	pcrA
177	327647	329656	328651	ligA
178	331886	333433	332659	pruA
179	340810	341100	340955	gatC
180	341116	342573	341844	gatA
181	342588	344015	343301	gatB
182	346354	347793	347073	gabT
183	349266	350717	349991	gabD
184	356476	357852	357164	rlmD
185	362270	363625	362947	tnpB
186	368028	369449	368738	nhaC
187	371651	373177	372414	ahpF
188	373192	373755	373473	ahpC
189	375585	376631	376108	mtnA
190	400360	400809	400584	argR
191	401090	402322	401706	arcA
192	402353	403351	402852	argF
193	403451	404866	404158	arcD
194	404904	405866	405385	arcC
195	415480	417669	416574	topB
196	418078	418884	418481	thiM
197	418901	419560	419230	thiE
198	439274	440704	439989	proS
199	454014	455939	454976	cadA
200	458487	459023	458755	lepB
201	464340	465395	464867	cax
202	466310	467437	466873	yfkAB
203	467983	469560	468771	fumA
204	469687	470469	470078	pdaA
205	471403	472782	472092	rlmD
206	472839	473576	473207	truA
207	479622	480233	479927	ytaF
208	481046	481975	481510	glsA
209	492607	494856	493731	pflB
210	494926	495657	495291	pflA
211	500888	501700	501294	recX
212	503989	505086	504537	mutY
213	514777	516081	515429	hemL
214	519312	519767	519539	bcp
215	520066	520494	520280	perR
216	521448	523002	522225	16S
217	523143	526071	524607	23S
218	526169	526284	526226	rrf
219	532364	533506	532935	queG
220	534497	534985	534741	trmL
221	539915	541090	540502	yhbH
222	545173	546723	545948	opuD
223	561709	562806	562257	ugpC
224	573249	574853	574051	dcuS
225	586130	586936	586533	fdhD
226	587240	590176	588708	fdhF
227	593068	594201	593634	ald
228	596389	598755	597572	cadA
229	613054	614487	613770	aspA
230	626730	627272	627001	pyrE
231	636881	637591	637236	treR
232	637733	639160	638446	treP
233	639174	640835	640004	treC
234	640867	641991	641429	gerKC
235	643059	644561	643810	gerKA
236	648888	649718	649303	glnH
237	669258	670607	669932	glpT
238	673088	674080	673584	rbsR
239	674094	674990	674542	rbsK
240	674987	675382	675184	rbsD
241	675401	676885	676143	rbsA
242	676888	677823	677355	rbsC
243	677838	678764	678301	rbsB
244	678799	679446	679122	fsa
245	684258	685310	684784	bdhA
246	686027	686878	686452	plC
247	686952	687953	687452	sph
248	698714	700015	699364	brnQ
249	710226	710537	710381	qoxD
250	710538	711140	710839	qoxC
251	711154	713088	712121	qoxB
252	718320	719798	719059	gerLA
253	719799	720923	720361	gerLB
254	720907	722073	721490	gerLC
255	726121	727011	726566	pstC
256	727014	727934	727474	pstA
257	732398	733952	733175	16S
258	734093	737021	735557	23S
259	737119	737234	737176	rrf
260	743407	744102	743754	tenA
261	746581	747201	746891	tenI
262	747194	748303	747748	thiO
263	748319	748522	748420	thiS
264	748525	749295	748910	thiG
265	749288	750307	749797	thiF
266	750314	751135	750724	thiD
267	752700	752780	752740	kdpF
268	752800	754467	753633	kdpA
269	754481	756571	755526	kdpB
270	756588	757169	756878	kdpC
271	757226	758380	757803	kdpD
272	772628	773569	773098	scrK
273	773566	775041	774303	scrB
274	781016	782098	781557	gerYC
275	782095	783600	782847	gerYA
276	785232	786650	785941	spoVR
277	789344	791008	790176	cdr
278	817523	818839	818181	brnQ
279	819058	819627	819342	cotJC
280	819640	819903	819771	cotJB
281	832385	833269	832827	murQ
282	854654	855484	855069	racE
283	856760	858199	857479	gapN
284	865115	865318	865216	sasP
285	871864	873552	872708	alsS
286	873569	874327	873948	alsD
287	885601	887964	886782	secA2
288	889864	890952	890408	csaB
289	947745	948866	948305	dcm
290	957389	958675	958032	dnaB
291	981681	983120	982400	ascB
292	983757	984290	984023	pssA
293	987808	988806	988307	dhaQ
294	988826	989392	989109	dhaS
295	989571	991322	990446	dhaK
296	1009081	1009419	1009250	rsbV
297	1009426	1009908	1009667	rsbW
298	1009871	1010647	1010259	sigB
299	1030182	1031126	1030654	yhaM
300	1042479	1043039	1042759	glpP
301	1043268	1044089	1043678	glpF
302	1044103	1045593	1044848	glpK
303	1045727	1047409	1046568	glpD
304	1059567	1060430	1059998	prsA
305	1063894	1064637	1064265	ecsA
306	1064630	1065841	1065235	ecsB
307	1065855	1066562	1066208	ecsC
308	1080100	1081146	1080623	hemE
309	1081161	1082096	1081628	hemH
310	1082116	1083537	1082826	hemY
311	1104906	1105916	1105411	cytK
312	1122053	1123642	1122847	aceB
313	1123666	1124943	1124304	aceA
314	1126260	1126463	1126361	cspA
315	1133741	1134304	1134022	lepB
316	1134421	1137936	1136178	addB
317	1137933	1141658	1139795	addA
318	1141996	1142211	1142103	gerPF
319	1142656	1142850	1142753	gerPD
320	1142857	1143471	1143164	gerPC
321	1143539	1143745	1143642	gerPB
322	1143760	1143981	1143870	gerPA
323	1145835	1147025	1146430	rocD
324	1148392	1150239	1149315	asnB
325	1150428	1151387	1150907	hemH
326	1151447	1152913	1152180	katB
327	1161094	1161951	1161522	prsA
328	1165332	1167932	1166632	clpB
329	1170562	1171494	1171028	fabH
330	1171526	1172764	1172145	fabF
331	1174830	1175819	1175324	trpS
332	1187028	1187423	1187225	spx
333	1188474	1189157	1188815	mecA
334	1192152	1193978	1193065	pepF
335	1201041	1201781	1201411	prpE
336	1211086	1211631	1211358	rfbC
337	1211648	1212616	1212132	rfbB
338	1212628	1213482	1213055	rfbD
339	1213591	1214361	1213976	fabI
340	1216418	1216921	1216669	exsF
341	1217089	1217562	1217325	cotY
342	1223991	1225469	1224730	putP
343	1226353	1227771	1227062	trpE
344	1228352	1229377	1228864	trpD
345	1229379	1230140	1229759	trpC
346	1230137	1230751	1230444	trpF
347	1230748	1231941	1231344	trpB
348	1231945	1232721	1232333	trpA
349	1247099	1248358	1247728	odhB
350	1248492	1251359	1249925	odhA
351	1261431	1262024	1261727	calY
352	1262504	1262638	1262571	sinI
353	1267147	1268130	1267638	potA
354	1268127	1268975	1268551	potB
355	1268982	1269782	1269382	potC
356	1269821	1270870	1270345	potD
357	1278761	1280173	1279467	glcD
358	1294181	1294705	1294443	phaP
359	1294748	1295200	1294974	phaQ
360	1295399	1295881	1295640	phaR
361	1296033	1296776	1296404	phbB
362	1296859	1297944	1297401	phaC
363	1305388	1306182	1305785	phnX
364	1306198	1307295	1306746	phnW
365	1320013	1321221	1320617	kinB
366	1321566	1322228	1321897	queC
367	1322228	1322719	1322473	queD
368	1322712	1323428	1323070	queE
369	1323447	1323944	1323695	queF
370	1327170	1327529	1327349	nrdI
371	1330172	1331140	1330656	nrdF
372	1340654	1341829	1341241	dltD
373	1341826	1342065	1341945	dltC
374	1342134	1343300	1342717	dltB
375	1343297	1344811	1344054	dltA
376	1345308	1346477	1345892	amaA
377	1351909	1352700	1352304	uppP
378	1359086	1359553	1359319	ytfJ
379	1361126	1362022	1361574	ilvE
380	1362339	1364039	1363189	ilvB
381	1364036	1364545	1364290	ilvN
382	1364572	1365582	1365077	ilvC
383	1365584	1367104	1366344	leuA
384	1367182	1368246	1367714	leuB
385	1368246	1369640	1368943	leuC
386	1369618	1370199	1369908	leuD
387	1370510	1371772	1371141	hisZ
388	1371748	1372383	1372065	hisG
389	1372395	1373684	1373039	hisD
390	1373684	1374268	1373976	hisB
391	1374269	1374898	1374583	hisH
392	1374871	1375590	1375230	hisA
393	1375584	1376342	1375963	hisF
394	1376339	1376644	1376491	hisI
395	1376655	1376978	1376816	hisE
396	1379395	1380096	1379745	pssA
397	1383265	1384581	1383923	lysA
398	1385111	1385815	1385463	cysH
399	1385854	1386990	1386422	sat
400	1387003	1387596	1387299	cysC
401	1389528	1390304	1389916	cobA
402	1396780	1398051	1397415	gltP
403	1404525	1405880	1405202	brnQ
404	1410789	1411997	1411393	hmpA
405	1426689	1427396	1427042	deoD
406	1427757	1429112	1428434	tnpB
407	1430283	1432868	1431575	mprF
408	1435090	1436214	1435652	dacB
409	1436207	1436803	1436505	spmA
410	1436800	1437330	1437065	spmB
411	1437620	1438348	1437984	rluB
412	1438443	1438964	1438703	resA
413	1439086	1440711	1439898	resB
414	1440726	1441883	1441304	resC
415	1442186	1442902	1442544	resD
416	1442902	1444677	1443789	resE
417	1454887	1456173	1455530	gudB
418	1457511	1458491	1458001	ypdA
419	1458530	1459504	1459017	ansA
420	1460997	1462145	1461571	rpsA
421	1465579	1466889	1466234	engA
422	1466908	1467930	1467419	gpsA
423	1469788	1471266	1470527	spoIVA
424	1471958	1472527	1472242	folE
425	1473520	1474233	1473876	menG
426	1474265	1475227	1474746	hepT
427	1475352	1475798	1475575	ndk
428	1476069	1477241	1476655	aroC
429	1477241	1478332	1477786	aroB
430	1478464	1479576	1479020	hisC
431	1482514	1483026	1482770	qcrA
432	1483027	1483701	1483364	qcrB
433	1483745	1484512	1484128	qcrC
434	1486033	1486821	1486427	ypjB
435	1489991	1490791	1490391	dapB
436	1490806	1491201	1491003	mgsA
437	1491213	1491917	1491565	bshB1
438	1491914	1493059	1492486	bshA
439	1496101	1496940	1496520	panB
440	1496937	1497785	1497361	panC
441	1497798	1498181	1497989	panD
442	1498310	1501114	1499712	dinG
443	1502065	1503252	1502658	aspB
444	1503374	1504081	1503727	dnaD
445	1504097	1504744	1504420	nth
446	1508049	1508651	1508350	recU
447	1512932	1513270	1513101	gpsB
448	1513358	1513748	1513553	rnpB
449	1517493	1519010	1518251	ypwA
450	1519586	1520482	1520034	mph(B)
451	1522685	1524007	1523346	pbuX
452	1531497	1531679	1531588	ssrS
453	1531701	1531884	1531792	ssrS
454	1532380	1533735	1533057	tnpB
455	1570603	1570800	1570701	cspB
456	1585430	1586164	1585797	nfsA
457	1593407	1593595	1593501	hfq
458	1600349	1601989	1601169	fliY
459	1604146	1604928	1604537	cheR
460	1606560	1607858	1607209	flgK
461	1611332	1611748	1611540	flgB
462	1611769	1612182	1611975	flgC
463	1612199	1612498	1612348	fliE
464	1612521	1614095	1613308	fliF
465	1614109	1615113	1614611	fliG
466	1615100	1615786	1615443	fliH
467	1615783	1617087	1616435	fliI
468	1619338	1620651	1619994	flgE
469	1627985	1628971	1628478	fliM
470	1628982	1629341	1629161	fliN
471	1630754	1631515	1631134	fliR
472	1631526	1632572	1632049	flhB
473	1632596	1634662	1633629	flhA
474	1634677	1635987	1635332	flhF
475	1636030	1636803	1636416	flgG
476	1658982	1660805	1659893	asnB
477	1665923	1666108	1666015	hfq
478	1682427	1682597	1682512	fbpA
479	1688836	1690239	1689537	nhaC
480	1691578	1692966	1692272	fumC
481	1700058	1700771	1700414	ccdA
482	1702894	1704447	1703670	tnpB
483	1704695	1706035	1705365	dsdA
484	1720594	1721337	1720965	pyrH
485	1723009	1724448	1723728	aspA
486	1724524	1726236	1725380	malS
487	1732808	1733791	1733299	asnA
488	1738050	1739675	1738862	yndJ
489	1751187	1752446	1751816	hflX
490	1755586	1756503	1756044	cysK
491	1765191	1765727	1765459	msrA
492	1767541	1768440	1767990	ilvE
493	1768463	1770175	1769319	ilvB
494	1770399	1771406	1770902	ilvC
495	1771453	1773126	1772289	ilvD
496	1773158	1774420	1773789	ilvA
497	1804107	1805462	1804784	tnpB
498	1809160	1810320	1809740	nheA
499	1810352	1811560	1810956	nheB
500	1811668	1812747	1812207	nheC
501	1815147	1815818	1815482	deoC
502	1828038	1830182	1829110	topB
503	1830556	1832102	1831329	tnpB
504	1837434	1838792	1838113	brnQ
505	1864439	1865842	1865140	cydA
506	1865829	1866845	1866337	cydB
507	1866845	1868560	1867702	cydD
508	1868563	1870287	1869425	cydC
509	1889067	1890125	1889596	thrC
510	1890122	1891015	1890568	thrB
511	1901879	1903687	1902783	asbA
512	1903746	1905584	1904665	asbB
513	1905571	1906809	1906190	asbC
514	1906806	1907075	1906940	asbD
515	1907103	1908086	1907594	asbE
516	1908124	1908966	1908545	asbF
517	1916177	1916995	1916586	nadE
518	1925139	1926188	1925663	rsgA
519	1941566	1942603	1942084	namA
520	1946007	1946423	1946215	fosB
521	1947651	1948193	1947922	exsB
522	1948375	1949451	1948913	cotH
523	1956533	1957717	1957125	cls
524	1963522	1964868	1964195	brnQ
525	1964935	1965264	1965099	csaA
526	1966478	1967632	1967055	spoIIP
527	1976297	1977472	1976884	alr
528	1990290	1993886	1992088	esaA
529	1993858	1994361	1994109	essA
530	1994690	1995889	1995289	essB
531	1995929	2000440	1998184	essC
532	2011770	2012195	2011982	ytfJ
533	2025018	2025500	2025259	bsaA
534	2034127	2035602	2034864	narH
535	2035622	2036152	2035887	narJ
536	2036170	2036859	2036514	narI
537	2037924	2038937	2038430	moaA
538	2040010	2041299	2040654	moeA
539	2041344	2041814	2041579	moaE
540	2041811	2042044	2041927	moaD
541	2042125	2043294	2042709	narK
542	2047444	2047761	2047602	nirD
543	2047777	2050182	2048979	nirB
544	2050393	2051100	2050746	ric
545	2053183	2053335	2053259	exsG
546	2057544	2057819	2057681	spoVS
547	2069163	2070851	2070007	argS
548	2076881	2079982	2078431	ileS
549	2084238	2085536	2084887	aspS
550	2106204	2107160	2106682	thyA
551	2107180	2107668	2107424	dfrA
552	2107824	2109809	2108816	pbpC
553	2113978	2114721	2114349	tatC
554	2119128	2121029	2120078	asnB
555	2123388	2124263	2123825	dat
556	2131818	2132855	2132336	adhP
557	2144328	2145275	2144801	proV
558	2147004	2148431	2147717	arcD
559	2153503	2154045	2153774	racA
560	2162094	2162792	2162443	atoD
561	2164720	2165565	2165142	ablB
562	2165665	2167050	2166357	rocR
563	2167260	2168681	2167970	ablA
564	2195029	2195244	2195136	gerPF
565	2202014	2203135	2202574	mmgD
566	2203234	2204670	2203952	prpD
567	2204689	2205597	2205143	prpB
568	2223181	2223957	2223569	dhbA
569	2223984	2225183	2224583	dhbC
570	2226837	2227724	2227280	dhbB
571	2227756	2234913	2231334	dhbF
572	2236610	2237359	2236984	sfp
573	2245160	2245867	2245513	rluF
574	2246519	2248438	2247478	thrS
575	2264987	2265637	2265312	catA
576	2344421	2344969	2344695	plsY
577	2346710	2347711	2347210	tdcB
578	2365656	2366393	2366024	gpmA
579	2367954	2369423	2368688	pepD
580	2377000	2377929	2377464	bla
581	2381609	2382634	2382121	iolG
582	2382734	2383732	2383233	iolC
583	2385429	2387363	2386396	iolD
584	2387486	2388382	2387934	iolE
585	2403293	2404771	2404032	lsa
586	2421487	2422398	2421942	mvaB
587	2426895	2427224	2427059	exsK
588	2434160	2434897	2434528	mtnN
589	2470088	2471719	2470903	abc-f
590	2480760	2481674	2481217	ddlB
591	2481976	2482665	2482320	tenA
592	2499964	2501199	2500581	cypA
593	2502741	2503373	2503057	vat
594	2553386	2554516	2553951	dnaN
595	2566346	2566867	2566606	bstA
596	2583454	2586012	2584733	pulA
597	2591345	2592649	2591997	secY
598	2604087	2605427	2604757	ypeB
599	2605443	2606204	2605823	sleB
600	2607829	2608668	2608248	kynA
601	2608702	2609331	2609016	kynB
602	2609334	2610620	2609977	kynU
603	2619750	2621129	2620439	lpdA
604	2622372	2623406	2622889	acoB
605	2623424	2624422	2623923	acoA
606	2630963	2632168	2631565	proV
607	2633243	2633824	2633533	clpP
608	2635001	2635663	2635332	rpiA
609	2651201	2653318	2652259	recQ
610	2659875	2660804	2660339	ppaC
611	2666718	2667614	2667166	dapA
612	2678102	2679283	2678692	dltD
613	2690295	2691137	2690716	prsA
614	2720699	2721529	2721114	coaW
615	2730132	2731244	2730688	ssuD
616	2739162	2739959	2739560	aacC
617	2761809	2763098	2762453	aroA
618	2763115	2764215	2763665	tyrA
619	2764208	2765308	2764758	hisC
620	2765326	2766498	2765912	aroC
621	2766781	2767857	2767319	aroF
622	2786898	2787941	2787419	lsrB
623	2792485	2794047	2793266	lsrK
624	2794442	2795224	2794833	lsrF
625	2803317	2804564	2803940	proA
626	2804594	2805697	2805145	proB
627	2806396	2807214	2806805	proC
628	2906661	2907182	2906921	lepB
629	2910691	2911338	2911014	pcp
630	2913037	2913798	2913417	pxpA
631	2914797	2915510	2915153	pxpB
632	2916536	2917087	2916811	lepB
633	2931741	2934347	2933044	ppsA
634	2937642	2938124	2937883	cotF
635	2943699	2943911	2943805	sasP
636	2946512	2947942	2947227	aspA
637	2947996	2949000	2948498	ansA
638	2949185	2949562	2949373	ansR
639	2957545	2958945	2958245	hblA
640	2960486	2961706	2961096	hblD
641	2961768	2963087	2962427	hblC
642	2969698	2971050	2970374	brnQ
643	2971255	2972073	2971664	proC
644	2980241	2981221	2980731	glsA
645	3025907	3026464	3026185	satA
646	3026545	3027456	3027000	menA
647	3042172	3042576	3042374	arsC
648	3042603	3043643	3043123	arsB
649	3044160	3044465	3044312	arsR
650	3058435	3061632	3060033	cypD
651	3106138	3107220	3106679	serC
652	3187275	3187751	3187513	ybaK
653	3188092	3189369	3188730	hisS
654	3228037	3229578	3228807	gntK
655	3229634	3230959	3230296	gntP
656	3231349	3232017	3231683	fsa
657	3232069	3232962	3232515	gnd
658	3233067	3235061	3234064	tkt
659	3254444	3254839	3254641	spxA
660	3274659	3275939	3275299	rsgI
661	3275929	3276651	3276290	sigI
662	3286341	3287627	3286984	hcp
663	3289352	3290122	3289737	bla2
664	3306386	3307048	3306717	bshB2
665	3326056	3327597	3326826	amyS
666	3328710	3330497	3329603	pepF
667	3367514	3367714	3367614	cspB
668	3380863	3382389	3381626	argH
669	3384748	3386187	3385467	panF
670	3386743	3388227	3387485	dhaS
671	3388278	3389018	3388648	fabG
672	3391831	3392772	3392301	rarD
673	3395077	3395313	3395195	moaD
674	3395318	3395782	3395550	moaE
675	3395763	3397070	3396416	moeA
676	3399099	3400115	3399607	moaA
677	3400136	3400933	3400534	fdhD
678	3401905	3404844	3403374	fdhF
679	3405291	3406829	3406060	gerSA
680	3407924	3409060	3408492	gerSC
681	3432305	3434728	3433516	parC
682	3434730	3436694	3435712	parE
683	3439704	3440156	3439930	nrdG
684	3442235	3442831	3442533	plsY
685	3445404	3445538	3445471	sspN
686	3449802	3452525	3451163	acnA
687	3452817	3452966	3452891	sspO
688	3453008	3453733	3453370	pdaB
689	3470918	3472450	3471684	kinA
690	3474422	3475900	3475161	putP
691	3481867	3482838	3482352	hutG
692	3482817	3484088	3483452	hutI
693	3484102	3485760	3484931	hutU
694	3485784	3487301	3486542	hutH
695	3487406	3487846	3487626	hutP
696	3501950	3502657	3502303	ccdA
697	3519091	3519531	3519311	sirA
698	3519688	3521688	3520688	tkt
699	3523499	3524302	3523900	phnE
700	3524302	3525096	3524699	phnE
701	3525093	3525866	3525479	phnC
702	3529780	3530400	3530090	lexA
703	3532538	3533872	3533205	glnA
704	3533921	3534310	3534115	glnR
705	3535749	3537023	3536386	hflX
706	3538009	3538965	3538487	spoVK
707	3543745	3543969	3543857	hfq
708	3543991	3544944	3544467	miaA
709	3548589	3549500	3549044	pfkB
710	3552995	3554389	3553692	gabP
711	3561546	3561752	3561649	copZ
712	3568073	3568831	3568452	xth
713	3568986	3569582	3569284	adaA
714	3570090	3571001	3570545	alkA
715	3571040	3572272	3571656	pepT
716	3583615	3584604	3584109	plcA
717	3596835	3598778	3597806	mutL
718	3598787	3601459	3600123	mutS
719	3601641	3602183	3601912	cotE
720	3602744	3604273	3603508	miaB
721	3608523	3608783	3608653	spoVS
722	3609892	3611454	3610673	rny
723	3613440	3614678	3614059	cinA
724	3614699	3615277	3614988	pgsA
725	3629966	3630715	3630340	tepA
726	3633256	3634134	3633695	dapA
727	3634146	3635378	3634762	dapG
728	3635402	3636448	3635925	asd
729	3636599	3637198	3636898	dpaB
730	3637195	3638097	3637646	dpaA
731	3641129	3643267	3642198	pnp
732	3643428	3643697	3643562	rpsO
733	3643798	3644769	3644283	ribF
734	3644813	3645736	3645274	truB
735	3645823	3646179	3646001	rbfA
736	3646473	3648533	3647503	infB
737	3649134	3650240	3649687	nusA
738	3650258	3650728	3650493	rimP
739	3655487	3657187	3656337	proS
740	3657297	3658553	3657925	rseP
741	3659736	3660527	3660131	cdsA
742	3660545	3661321	3660933	uppS
743	3661407	3661964	3661685	frr
744	3661967	3662689	3662328	pyrH
745	3663747	3664448	3664097	rpsB
746	3664800	3665579	3665189	codY
747	3665657	3667048	3666352	hslU
748	3667071	3667613	3667342	hslV
749	3667656	3668555	3668105	xerC
750	3668621	3669925	3669273	trmFO
751	3669976	3672054	3671015	topA
752	3672199	3673068	3672633	dprA
753	3673156	3674058	3673607	sucD
754	3674078	3675238	3674658	sucC
755	3675432	3676205	3675818	rnhB
756	3676257	3677147	3676702	ylqF
757	3677168	3677719	3677443	lepB
758	3677821	3678165	3677993	rplS
759	3678312	3679046	3678679	trmD
760	3679046	3679561	3679303	rimM
761	3679924	3680196	3680060	rpsP
762	3680297	3681646	3680971	ffh
763	3682125	3683114	3682619	ftsY
764	3683130	3686699	3684914	smc
765	3686846	3687583	3687214	rncS
766	3687642	3687875	3687758	acpP
767	3687945	3688685	3688315	fabG
768	3688685	3689629	3689157	fabD
769	3689644	3690636	3690140	plsX
770	3690633	3691226	3690929	fapR
771	3691315	3693363	3692339	recG
772	3696093	3696281	3696187	rpmB
773	3697928	3698809	3698368	rsgA
774	3699078	3701051	3700064	prkC
775	3701817	3702905	3702361	rlmN
776	3702910	3704244	3703577	rsmB
777	3705691	3708096	3706893	priA
778	3708093	3709298	3708695	coaBC
779	3709471	3709683	3709577	rpoZ
780	3709686	3710303	3709994	gmk
781	3721661	3722293	3721977	pyrE
782	3722290	3723006	3722648	pyrF
783	3722991	3723920	3723455	pyrD
784	3723917	3724696	3724306	pyrK
785	3724693	3727911	3726302	carB
786	3727896	3728993	3728444	carA
787	3728990	3730276	3729633	pyrC
788	3730260	3731174	3730717	pyrB
789	3731323	3732606	3731964	uraA
790	3732753	3733295	3733024	pyrR
791	3734411	3734869	3734640	lspA
792	3735479	3738244	3736861	ileS2
793	3738592	3739098	3738845	divIVA
794	3741402	3742220	3741811	pgeF
795	3742791	3743570	3743180	sigG
796	3743728	3744447	3744087	sigE
797	3744467	3745384	3744925	spoIIGA
798	3745697	3746851	3746274	ftsZ
799	3746891	3748198	3747544	ftsA
800	3748599	3749369	3748984	divIB
801	3749468	3750373	3749920	murB
802	3750435	3751529	3750982	murG
803	3751635	3752726	3752180	spoVE
804	3752817	3754169	3753493	murD
805	3754170	3755144	3754657	mraY
806	3755167	3756642	3755904	murE
807	3761021	3761383	3761202	ftsL
808	3761399	3762331	3761865	rsmH
809	3762701	3764317	3763509	bshC
810	3764397	3765284	3764840	panE
811	3766777	3766950	3766863	rpmF
812	3770857	3772086	3771471	ylbJ
813	3772078	3772569	3772323	coaD
814	3772566	3773132	3772849	rsmD
815	3779425	3780330	3779877	ctaG
816	3780416	3780748	3780582	ctaF
817	3780752	3781375	3781063	ctaE
818	3781375	3783237	3782306	ctaD
819	3783271	3784320	3783795	coxB
820	3784414	3785337	3784875	ctaB
821	3785836	3786771	3786303	ctaA
822	3786849	3790295	3788572	pyc
823	3790619	3791800	3791209	ftsW
824	3797648	3799492	3798570	typA
825	3802467	3803948	3803207	speA
826	3806855	3808267	3807561	lpdA
827	3808273	3809562	3808917	pdhC
828	3809655	3810632	3810143	pdhB
829	3810636	3811751	3811193	pdhA
830	3819485	3820207	3819846	dapD
831	3821920	3822111	3822015	abbA
832	3830726	3832264	3831495	ppx
833	3839361	3841649	3840505	metE
834	3841686	3842075	3841880	comJ
835	3842112	3842546	3842329	nucA
836	3843586	3844860	3844223	kinB
837	3846661	3847692	3847176	malR
838	3847973	3848815	3848394	malD
839	3848816	3850117	3849466	malC
840	3853568	3855244	3854406	malL
841	3855506	3856606	3856056	ugpC
842	3867752	3868807	3868279	mtnA
843	3872585	3873829	3873207	mtnW
844	3873826	3874485	3874155	mtnX
845	3881286	3882998	3882142	ptsP
846	3882998	3883261	3883129	ptsH
847	3883397	3885460	3884428	ptsG
848	3885800	3886648	3886224	glcT
849	3887691	3888422	3888056	phnF
850	3888352	3889140	3888746	nagB
851	3889145	3890287	3889716	nagA
852	3891477	3892049	3891763	scpB
853	3892208	3892951	3892579	scpA
854	3893854	3894222	3894038	ribT
855	3897114	3898586	3897850	spoVAF
856	3899148	3899498	3899323	spoVAE
857	3899502	3900518	3900010	spoVAD
858	3900532	3900990	3900761	spoVAC
859	3901005	3901421	3901213	spoVAB
860	3901414	3902034	3901724	spoVAA
861	3903913	3904671	3904292	sigF
862	3904684	3905124	3904904	spoIIAB
863	3905125	3905475	3905300	spoIIAA
864	3905646	3906836	3906241	dacF
865	3913782	3914744	3914263	corA
866	3916953	3918137	3917545	deoB
867	3919430	3920320	3919875	xerD
868	3921223	3921870	3921546	spoIIM
869	3924777	3924905	3924841	mciZ
870	3924959	3925873	3925416	lolS
871	3936405	3937517	3936961	ribD
872	3937499	3938143	3937821	ribE
873	3938156	3939349	3938752	ribBA
874	3939368	3939829	3939598	ribH
875	3940360	3941358	3940859	bioB
876	3941360	3942169	3941764	bioC
877	3942872	3944059	3943465	bioF
878	3944025	3944753	3944389	bioD
879	3944753	3946141	3945447	bioA
880	3947259	3948632	3947945	nhaC
881	3948682	3951024	3949853	cpdB
882	3958230	3959180	3958705	argF
883	3959193	3960353	3959773	argD
884	3960350	3961117	3960733	argB
885	3961129	3962352	3961740	argJ
886	3962363	3963400	3962881	argC
887	3965762	3966601	3966181	proI
888	3966652	3967530	3967091	sdaAA
889	3967549	3968208	3967878	sdaAB
890	3974144	3974236	3974190	prli42
891	3983274	3984257	3983765	bfmBAB
892	3984271	3985272	3984771	bfmBAA
893	3985300	3986721	3986010	lpdA
894	3989052	3989951	3989501	yqiS
895	3995542	3996336	3995939	spo0A
896	3996624	3997922	3997273	spoIVB
897	3998041	3999780	3998910	recN
898	4000048	4000497	4000272	argR
899	4003677	4004567	4004122	ispA
900	4004567	4004797	4004682	xseB
901	4004787	4006145	4005466	xseA
902	4006172	4007032	4006602	folD
903	4007056	4007448	4007252	nusB
904	4008211	4009563	4008887	accC
905	4009580	4010068	4009824	accB
906	4011513	4012175	4011844	spoIIIAG
907	4012165	4012797	4012481	spoIIIAF
908	4012810	4013982	4013396	spoIIIAE
909	4013993	4014376	4014184	spoIIIAD
910	4014400	4014603	4014501	spoIIIAC
911	4014618	4015133	4014875	spoIIIAB
912	4015127	4016053	4015590	spoIIIAA
913	4017467	4018024	4017745	efp
914	4018046	4019107	4018576	pepQ
915	4019112	4019552	4019332	aroQ
916	4022452	4022880	4022666	mntR
917	4023025	4024101	4023563	splB
918	4036430	4037905	4037167	gcvPB
919	4037902	4039245	4038573	gcvPA
920	4039266	4040366	4039816	gcvT
921	4044975	4045472	4045223	aroK
922	4047522	4047977	4047749	comGD
923	4047974	4048273	4048123	comGC
924	4048285	4049316	4048800	comGB
925	4049309	4050352	4049830	comGA
926	4055550	4056608	4056079	murG
927	4056627	4060025	4058326	metH
928	4062444	4063556	4063000	metI
929	4063553	4064716	4064134	metC
930	4068400	4069383	4068891	glcK
931	4070390	4070539	4070464	rpmG
932	4073339	4073995	4073667	phoU
933	4074159	4074974	4074566	pstB
934	4075003	4075869	4075436	pstA
935	4075871	4076821	4076346	pstC
936	4076849	4077766	4077307	phoX
937	4081728	4082339	4082033	sodA
938	4084237	4085340	4084788	ispG
939	4092430	4093380	4092905	ispH
940	4095412	4095768	4095590	cccA
941	4096154	4097275	4096714	rpoD
942	4097335	4099131	4098233	dnaG
943	4101567	4102313	4101940	recO
944	4104413	4104883	4104648	ybeY
945	4108181	4109380	4108780	yqfD
946	4109557	4109850	4109703	yqfC
947	4110418	4110591	4110504	rpsU
948	4110924	4112276	4111600	mtaB
949	4113178	4114116	4113647	prmA
950	4114145	4115260	4114702	dnaJ
951	4115465	4117300	4116382	dnaK
952	4117327	4117893	4117610	grpE
953	4118008	4119024	4118516	hrcA
954	4120856	4122679	4121767	lepA
955	4124537	4124794	4124665	rpsT
956	4124877	4125887	4125382	holA
957	4129354	4129953	4129653	comEA
958	4131776	4132132	4131954	rsfS
959	4132688	4133257	4132972	nadD
960	4133389	4133682	4133535	yhbY
961	4133688	4134521	4134104	aroE
962	4134537	4135643	4135090	yqeH
963	4137788	4138501	4138144	sigK
964	4142505	4142654	4142579	rpmG
965	4165610	4168213	4166911	adhE
966	4170616	4171311	4170963	mtnN
967	4174972	4175448	4175210	greA
968	4175727	4176365	4176046	udk
969	4179463	4180533	4179998	mltG
970	4181042	4181455	4181248	ruvX
971	4181802	4184444	4183123	alaS
972	4190467	4191582	4191024	mnmA
973	4197092	4198867	4197979	aspS
974	4198880	4200151	4199515	hisS
975	4201328	4203511	4202419	relA
976	4204281	4206620	4205450	recJ
977	4207769	4210033	4208901	secDF
978	4210774	4212333	4211553	spoVB
979	4213533	4213793	4213663	yajC
980	4213821	4214960	4214390	tgt
981	4214973	4216025	4215499	queA
982	4216242	4217243	4216742	ruvB
983	4217249	4217866	4217557	ruvA
984	4222717	4224546	4223631	exsA
985	4224921	4226027	4225474	nadA
986	4226058	4226891	4226474	nadC
987	4226911	4228440	4227675	nadB
988	4231087	4231938	4231512	pheA
989	4238684	4239970	4239327	obgE
990	4240582	4240872	4240727	rpmA
991	4241232	4241540	4241386	rplU
992	4243166	4244026	4243596	spoIVFB
993	4244019	4244765	4244392	spoIVFA
994	4244899	4245696	4245297	minD
995	4245699	4246385	4246042	minC
996	4246421	4246966	4246693	mreD
997	4246981	4247832	4247406	mreC
998	4247874	4248893	4248383	mreB
999	4249052	4249729	4249390	radC
1000	4251701	4253002	4252351	folC
1001	4253096	4255741	4254418	valS
1002	4256137	4257162	4256649	ysxE
1003	4257225	4258202	4257713	spoVID
1004	4258312	4259601	4258956	hemL
1005	4259601	4260590	4260095	hemB
1006	4260611	4261363	4260987	hemD
1007	4261366	4262295	4261830	hemC
1008	4262311	4263144	4262727	ccsA
1009	4263162	4264496	4263829	hemA
1010	4265816	4266412	4266114	ysxC
1011	4266409	4268739	4267574	lon
1012	4268923	4270593	4269758	lonB
1013	4270700	4271959	4271329	clpX
1014	4282382	4283431	4282906	gerM
1015	4283562	4284371	4283966	racE
1016	4289072	4289296	4289184	gerE
1017	4309841	4310629	4310235	motB
1018	4310619	4311413	4311016	motA
1019	4313034	4313795	4313414	sdhB
1020	4313788	4315581	4314684	sdhA
1021	4315595	4316221	4315908	sdhC
1022	4317086	4318870	4317978	uvrC
1023	4319019	4319333	4319176	trxA
1024	4319545	4320522	4320033	etfA
1025	4320559	4321332	4320945	etfB
1026	4327289	4329325	4328307	fhuB
1027	4339220	4339543	4339381	isdG
1028	4339609	4340373	4339991	srtB
1029	4342176	4343057	4342616	isdE
1030	4346010	4346735	4346372	isdC
1031	4347233	4348558	4347895	brnQ
1032	4352301	4354019	4353160	polX
1033	4354616	4354885	4354750	zapA
1034	4355010	4355945	4355477	rnhC
1035	4356847	4358238	4357542	asnS
1036	4358737	4361157	4359947	pheT
1037	4361176	4362210	4361693	pheS
1038	4363411	4363620	4363515	sspI
1039	4370869	4371225	4371047	rplT
1040	4371263	4371463	4371363	rpmI
1041	4371485	4371985	4371735	infC
1042	4372383	4374320	4373351	thrS
1043	4374628	4375509	4375068	ytxC
1044	4375790	4376728	4376259	dnaI
1045	4378296	4378757	4378526	nrdR
1046	4379043	4379435	4379239	speH1
1047	4380954	4381556	4381255	coaE
1048	4381608	4382240	4381924	ytaF
1049	4382313	4383143	4382728	mutM
1050	4383156	4385789	4384472	polA
1051	4386075	4387838	4386956	phoR
1052	4387831	4388550	4388190	phoP
1053	4389928	4390866	4390397	mdh
1054	4390886	4392178	4391532	icd
1055	4392339	4393454	4392896	citZ
1056	4394757	4395875	4395316	ytvI
1057	4396472	4396861	4396666	fxsA
1058	4397061	4398818	4397939	pyk
1059	4398872	4399831	4399351	pfkA
1060	4399960	4400934	4400447	accA
1061	4403978	4407304	4405641	dnaE
1062	4414304	4415401	4414852	pepQ
1063	4422548	4423681	4423114	ald
1064	4427009	4428400	4427704	argH
1065	4428397	4429602	4428999	argG
1066	4433992	4435185	4434588	ackA
1067	4436671	4437171	4436921	tpx
1068	4437306	4437701	4437503	ytfJ
1069	4443723	4444937	4444330	thiI
1070	4446255	4447967	4447111	ezrA
1071	4450098	4450736	4450417	refZ
1072	4451425	4452603	4452014	megL
1073	4453001	4453603	4453302	rpsD
1074	4454317	4455573	4454945	tyrS
1075	4457211	4458929	4458070	acsA
1076	4459106	4459738	4459422	acuA
1077	4460397	4461563	4460980	acuC
1078	4467164	4467562	4467363	mscL
1079	4469049	4470047	4469548	ccpA
1080	4471774	4472100	4471937	ytxJ
1081	4476822	4478132	4477477	murC
1082	4489863	4490516	4490189	trmB
1083	4492058	4494199	4493128	pulA
1084	4494337	4494882	4494609	thpR
1085	4494986	4496392	4495689	pepV
1086	4506216	4507073	4506644	glcU
1087	4507623	4507856	4507739	moaD
1088	4507859	4508323	4508091	moaE
1089	4508320	4508835	4508577	mobB
1090	4508805	4510094	4509449	moeA
1091	4510178	4510663	4510420	moaC
1092	4511732	4512745	4512238	moaA
1093	4525338	4527746	4526542	leuS
1094	4551814	4553013	4552413	metK
1095	4553533	4555119	4554326	pckA
1096	4572047	4572526	4572286	mutTA
1097	4573012	4573161	4573086	ytzI
1098	4574101	4574574	4574337	luxS
1099	4574703	4574939	4574821	yidD
1100	4575724	4577073	4576398	cydA
1101	4577063	4578091	4577577	cydB
1102	4587871	4589859	4588865	feoB
1103	4590466	4591134	4590800	thiT
1104	4596147	4596674	4596410	hpt
1105	4621037	4622167	4621602	tnpB
1106	4630822	4631928	4631375	menC
1107	4631929	4633377	4632653	menE
1108	4633450	4634268	4633859	menB
1109	4634338	4635150	4634744	menH
1110	4635147	4636901	4636024	menD
1111	4642949	4645357	4644153	glgP
1112	4645376	4646806	4646091	glgA
1113	4646919	4647953	4647436	glgD
1114	4647972	4649102	4648537	glgC
1115	4649050	4650987	4650018	glgB
1116	4657286	4657401	4657343	rrf
1117	4657499	4660427	4658963	23S
1118	4660569	4662123	4661346	16S
1119	4666779	4667123	4666951	yugI
1120	4672876	4673415	4673145	sodC
1121	4674252	4674875	4674563	kapD
1122	4678196	4679572	4678884	glyS
1123	4683114	4684001	4683557	galU
1124	4686666	4688150	4687408	pepA
1125	4708257	4709123	4708690	dapF
1126	4712131	4712928	4712529	fetB
1127	4713109	4713450	4713279	phnA
1128	4717774	4718775	4718274	cotS
1129	4727364	4728335	4727849	glpX
1130	4728861	4729940	4729400	tnpB
1131	4735074	4735970	4735522	lipA
1132	4737180	4737911	4737545	yunB
1133	4740571	4741968	4741269	sufB
1134	4742017	4742448	4742232	sufU
1135	4742438	4743658	4743048	sufS
1136	4743658	4744950	4744304	sufD
1137	4744966	4745751	4745358	sufC
1138	4751386	4751769	4751577	gcvH
1139	4781514	4782296	4781905	yidC
1140	4801830	4803479	4802654	nprB
1141	4828783	4830042	4829412	tyrS
1142	4836746	4837180	4836963	crcB
1143	4837177	4837533	4837355	crcB
1144	4838252	4838767	4838509	speG
1145	4838911	4839315	4839113	psiE
1146	4856516	4856870	4856693	ssrA
1147	4856997	4857464	4857230	smpB
1148	4857959	4860373	4859166	rnr
1149	4860516	4861256	4860886	estA
1150	4861418	4861651	4861534	secG
1151	4864230	4865525	4864877	eno
1152	4865556	4867085	4866320	gpmI
1153	4869194	4870198	4869696	gap
1154	4870225	4871253	4870739	cggR
1155	4874307	4874783	4874545	spoVAC
1156	4874784	4875800	4875292	spoVAD
1157	4875797	4876147	4875972	spoVAE
1158	4877497	4878078	4877787	clpP
1159	4878751	4879701	4879226	whiA
1160	4880748	4881629	4881188	rapZ
1161	4883306	4884262	4883784	trxB
1162	4886534	4887184	4886859	ppaX
1163	4888089	4889018	4888553	hprK
1164	4890179	4893055	4891617	uvrA
1165	4893061	4895037	4894049	uvrB
1166	4902291	4903925	4903108	abc-f
1167	4909280	4910173	4909726	ftsX
1168	4910163	4910849	4910506	ftsE
1169	4911136	4911459	4911297	cccB
1170	4911896	4912994	4912445	prfB
1171	4913139	4915646	4914392	secA
1172	4915923	4916465	4916194	raiA
1173	4916789	4916986	4916887	cspC
1174	4917113	4917817	4917465	comFC
1175	4917817	4919166	4918491	comFA
1176	4924314	4925429	4924871	wecB
1177	4934196	4934900	4934548	chbG
1178	4934949	4936274	4935611	celF
1179	4936784	4938088	4937436	celB
1180	4940055	4940426	4940240	speH1
1181	4941837	4943138	4942487	celB
1182	4951068	4952614	4951841	tnpB
1183	4953213	4954568	4953890	cydA
1184	4957395	4959155	4958275	thiC
1185	4959455	4961113	4960284	lldP
1186	4972910	4974427	4973668	opuD
1187	4998691	4999683	4999187	galE
1188	5004583	5006055	5005319	murJ
1189	5011216	5012109	5011662	galU
1190	5015977	5016411	5016194	fabZ
1191	5018132	5018404	5018268	spoIIID
1192	5022915	5023934	5023424	spoIID
1193	5024143	5025447	5024795	murA
1194	5026693	5028213	5027453	nuoN
1195	5029714	5031576	5030645	nuoL
1196	5031606	5031920	5031763	nuoK
1197	5032434	5032853	5032643	nuoI
1198	5032879	5033880	5033379	nuoH
1199	5033880	5034980	5034430	nuoD
1200	5036331	5036849	5036590	nuoB
1201	5036840	5037208	5037024	nuoA
1202	5041926	5042327	5042126	atpC
1203	5042348	5043757	5043052	atpD
1204	5044121	5044981	5044551	atpG
1205	5046875	5047417	5047146	atpH
1206	5047414	5047920	5047667	atpF
1207	5048050	5048268	5048159	atpE
1208	5048325	5049044	5048684	atpB
1209	5050179	5050808	5050493	upp
1210	5051081	5052322	5051701	glyA
1211	5053178	5053621	5053399	rpiB
1212	5060401	5061267	5060834	spoIIR
1213	5061380	5062231	5061805	prmC
1214	5062231	5063298	5062764	prfA
1215	5065091	5066362	5065726	rho
1216	5066756	5067721	5067238	glpX
1217	5067839	5069128	5068483	murA
1218	5070528	5070896	5070712	spo0F
1219	5071655	5073262	5072458	pyrG
1220	5073520	5074050	5073785	rpoE
1221	5074899	5076038	5075468	acdA
1222	5081875	5083068	5082471	cls
1223	5083101	5084054	5083577	uvsE
1224	5086879	5087025	5086952	papR
1225	5092210	5093004	5092607	map
1226	5108007	5109677	5108842	argS
1227	5113313	5114185	5113749	speB
1228	5114403	5115230	5114816	speE
1229	5130478	5131449	5130963	pta
1230	5134120	5134542	5134331	cwlJ
1231	5134570	5135007	5134788	gerQ
1232	5146320	5147225	5146772	metA
1233	5149781	5150452	5150116	yeiL
1234	5153705	5154529	5154117	pdxK
1235	5156006	5158081	5157043	cstA
1236	5182024	5182989	5182506	msrB
1237	5186043	5186735	5186389	lrgB
1238	5186770	5187201	5186985	lrgA
1239	5188052	5189821	5188936	lytS
1240	5194783	5195409	5195096	sodA
1241	5198047	5199063	5198555	galE
1242	5202281	5203726	5203003	dbpA
1243	5205187	5206170	5205678	guaC
1244	5206305	5208122	5207213	pepF
1245	5209175	5209654	5209414	rlmH
1246	5214106	5215947	5215026	walK
1247	5215951	5216658	5216304	walR
1248	5219080	5220441	5219760	dnaB
1249	5220469	5220915	5220692	rplI
1250	5223980	5224213	5224096	rpsR
1251	5224259	5224780	5224519	ssb
1252	5224807	5225097	5224952	rpsF
1253	5225289	5226389	5225839	ychF
1254	5227864	5228460	5228162	yyaC
1255	5228481	5229338	5228909	spo0J
1256	5229325	5230086	5229705	soj
1257	5230277	5231149	5230713	noc
1258	5231254	5231973	5231613	rsmG
1259	5231995	5233884	5232939	mnmG
1260	5233931	5235307	5234619	mnmE
1261	5236148	5236915	5236531	yidC
1262	5236955	5237314	5237134	rnpA
1263	5237391	5237525	5237458	rpmH
				
				
				
				
				
				
				
				
				
				
				
				
				
				
				
				
				
				
				
				
				
				
				
				
				
				
				
				
				
				
				
				
				
				
				
				
				
				
				
				
				
				
				
				
				
				
				
				
				
				
				
				
				
				
				
				
				
				
				
				
				
				
				
				
				
				
				
				
				
				
				
				
				
				
				
				
				
				
				
				
				
				
				
				
				
				
				
				
				
				
				
				
				
				
				
				
				
				
				
				
				
				
				
				
				
				
				
				
				
				
				
				
				
				
				
				
				
				
				
				
				
				
				
				
				
				
				
				
				
				
				
				
				
				
				
				
				
				
				
				
				
				
				
				
				
				
				
				
				
				
				
				
				
				
				
				
				
				
				
				
				
				
				
				
				
				
				
				
				
				
				
				
				
				
				
				
				
				
				
				
				
				
				
				
				
				
				
				
				
				
				
				
				
				
				
				
				
				
				
				
				
				
				
				
				
				
				
				
				
				
				
				
				
				
				
				
				
				
				
				
				
				
				
				
				
				
				
				
				
				
				
				
				
				
				
				
				
				
				
				
				
				
				
				
				
				
				
				
				
				
				
				
				
				
				
				
				
				
				
				
				
				
				
				
				
				
				
				
				
				
				
				
				
				
				
				
				
				
				
				
				
				
				
				
				
				
				
				
				
				
				
				
				
				
				
				
				
				
				
				
				
				
				
				
				
				
				
				
				
				
				
				
				
				
				
				
				
				
				
				
				
				
				
				
				
				
				
				
				
				
				
				
				
				
				
				
				
				
				
				
				
				
				
				
				
				
				
				
				
				
				
				
				
				
				
				
				
				
				
				
				
				
				
				
				
				
				
				
				
				
				
				
				
				
				
				
				
				
				
				
				
				
				
				
				
				
				
				
				
				
				
				
				
				
				
				
				
				
				
				
				
				
				
				
				
				
				
				
				
				
				
				
				
				
				
				
				
				
				
				
				
				
				
				
				
				
				
				
				
				
				
				
				
				
				
				
				
				
				
				
				
				
				
				
				
				
				
				
				
				
				
				
				
				
				
				
				
				
				
				
				
				
				
				
				
				
				
				
				
				
				
				
				
				
				
				
				
				
				
				
				
				
				
				
				
				
				
				
				
				
				
				
				
				
				
				
				
				
				
				
				
				
				
				
				
				
				
				
				
				
				
				
				
				
				
				
				
				
				
				
				
				
				
				
				
				
				
				
				
				
				
				
				
				
				
				
				
				
				
				
				
				
				
				
				
				
				
				
				
				
				
				
				
				
				
				
				
				
				
				
				
				
				
				
				
				
				
				
				
				
				
				
				
				
				
				
				
				
				
				
				
				
				
				
				
				
				
				
				
				
				
				
				
				
				
				
				
				
				
				
				
				
				
				
				
				
				
				
				
				
				
				
				
				
				
				
				
				
				
				
				
				
				
				
				
				
				
				
				
				
				
				
				
				
				
				
				
				
				
				
				
				
				
				
				
				
				
				
				
				
				
				
				
				
				
				
				
				
				
				
				
				
				
				
				
				
				
				
				
				
				
				
				
				
				
				
				
				
				
				
				
				
				
				
				
				
				
				
				
				
				
				
				
				
				
				
				
				
				
				
				
				
				
				
				
				
				
				
				
				
				
				
				
				
				
				
				
				
				
				
				
				
				
				
				
				
				
				
				
				
				
				
				
				
				
				
				
				
				
				
				
				
				
				
				
				
				
				
				
				
				
				
				
				
				
				
				
				
				
				
				
				
				
				
				
				
				
				
				
				
				
				
				
				
				
				
				
				
				
				
				
				
				
				
				
				
				
				
				
				
				
				
				
				
				
				
				
				
				
				
				
				
				
				
				
				
				
				
				
				
				
				
				
				
				
				
				
				
				
				
				
				
				
				
				
				
				
				
				
				
				
				
				
				
				
				
				
				
				
				
				
				
				
				
				
				
				
				
				
				
				
				
				
				
				
				
				
				
				
				
				
				
				
				
				
				
				
				
				
				
				
				
				
				
				
				
				
				
				
				
				
				
				
				
				
				
				
				
				
				
				
				
				
				
				
				
				
				
				
				
				
				
				
				
				
				
				
				
				
				
				
				
				
				
				
				
				
				
				
				
				
				
				
				
				
				
				
				
				
				
				
				
				
				
				
				
				
				
				
				
				
				
				
				
				
				
				
				
				
				
				
				
				
				
				
				
				
				
				
				
				
				
				
				
				
				
				
				
				
				
				
				
				
				
				
				
				
				
				
				
				
				
				
				
				
				
				
				
				
				
				
				
				
				
				
				
				
				
				
				
				
				
				
				
				
				
				
				
				
				
				
				
				
				
				
				
				
				
				
				
				
				
				
				
				
				
				
				
				
				
				
				
				
				
				
				
				
				
				
				
				
				
				
				
				
				
				
				
				
				
				
				
				
				
				
				
				
				
				
				
				
				
				
				
				
				
				
				
				
				
				
				
				
				
				
				
				
				
				
				
				
				
				
				
				
				
				
				
				
				
				
				
				
				
				
				
				
				
				
				
				
				
				
				
				
				
				
				
				
				
				
				
				
				
				
				
				
				
				
				
				
				
				
				
				
				
				
				
				
				
				
				
				
				
				
				
				
				
				
				
				
				
				
				
				
				
				
				
				
				
				
				
				
				
				
				
				
				
				
				
				
				
				
				
				
				
				
				
				
				
				
				
				
				
				
				
				
				
				
				
				
				
				
				
				
				
				
				
				
				
				
				
				
				
				
				
				
				
				
				
				
				
				
				
				
				
				
				
				
				
				
				
				
				
				
				
				
				
				
				
				
				
				
				
				
				
				
				
				
				
				
				
				
				
				
				
				
				
				
				
				
				
				
				
				
				
				
				
				
				
				
				
				
				
				
				
				
				
				
				
				
				
				
				
				
				
				
				
				
				
				
				
				
				
				
				
				
	5237391	5237525	5237458	rpmH